0 30 30 12
31 31 31 54 31 53 31 31 53 54 31 20 31 31 31 31 31 31 63 54 32 50 10 50 55 53 53 31 52 31 
53 31 15 53 15 31 32 31 31 54 15 15 54 32 15 31 31 54 54 31 32 54 31 50 31 31 31 54 54 52 
15 15 31 50 15 31 53 31 15 54 31 15 31 54 31 54 31 53 53 55 31 52 10 50 31 31 31 31 31 31 
54 31 50 53 15 50 15 31 50 50 31 31 31 53 31 31 54 31 56 63 50 10 54 53 31 15 50 54 54 15 
31 32 53 54 54 31 31 31 32 53 53 15 31 55 31 56 15 53 32 31 15 52 54 54 50 56 55 56 53 15 
31 15 31 54 54 31 32 54 56 53 52 31 31 31 31 15 31 55 54 56 53 50 15 56 31 50 50 55 53 31 
50 15 31 31 53 31 31 32 15 55 31 15 50 31 54 15 15 53 53 56 54 31 50 53 50 15 50 15 55 52 
54 50 15 52 54 20 15 15 15 54 50 15 50 56 53 53 55 53 53 53 31 31 53 56 54 50 53 55 52 53 
31 50 31 32 31 55 50 15 15 31 50 50 15 31 31 31 53 50 53 52 54 54 15 53 53 54 63 53 53 31 
31 31 31 31 31 32 31 31 31 53 15 53 15 31 54 54 56 55 53 31 53 31 50 54 52 53 52 53 53 53 
31 32 54 31 15 31 31 15 31 53 31 53 32 31 53 15 55 31 52 53 31 52 63 31 53 50 31 56 15 53 
31 31 32 31 31 54 15 50 31 32 53 31 54 31 15 15 15 50 54 54 54 55 31 56 54 54 53 54 54 54 
31 54 31 31 31 31 15 15 15 31 31 31 56 31 15 15 15 31 54 55 31 31 50 31 50 53 54 54 53 54 
31 31 31 15 15 53 15 15 50 50 52 15 15 50 53 15 32 52 31 31 56 54 15 31 50 50 55 31 31 15 
15 31 32 15 15 31 32 55 32 15 31 20 31 56 31 15 55 54 54 31 15 54 31 63 54 54 52 54 31 15 
15 15 50 15 15 31 54 31 56 54 54 50 54 54 54 15 15 31 31 31 31 15 50 54 53 31 50 55 15 15 
31 32 31 31 31 31 55 32 31 55 31 32 31 50 53 31 15 31 31 55 15 50 54 63 53 55 54 53 15 50 
31 31 54 31 31 54 15 15 31 53 15 10 15 54 53 15 31 31 15 50 15 52 55 31 50 54 54 53 50 50 
31 31 50 15 31 31 32 15 31 54 15 15 31 31 31 31 15 54 56 50 15 55 31 50 15 55 55 54 54 52 
31 31 15 15 31 55 31 53 31 54 54 31 31 15 56 31 31 55 31 55 15 53 31 15 15 55 53 15 53 54 
50 31 31 31 31 54 31 15 15 50 54 54 15 50 31 15 55 54 15 31 15 52 56 15 15 31 53 54 31 54 
31 31 31 31 54 15 50 31 15 15 31 31 15 54 55 55 31 55 56 53 54 53 56 15 31 31 31 50 54 53 
54 31 31 32 15 50 53 56 31 15 31 15 15 54 31 31 56 54 50 50 15 50 54 32 52 53 54 31 31 31 
54 31 15 15 20 31 31 56 31 15 15 50 31 54 31 15 56 54 57 50 15 53 31 54 31 31 54 54 54 53 
31 55 15 15 15 54 53 31 56 31 54 15 31 54 31 15 15 53 53 50 15 50 50 32 54 53 55 31 55 31 
54 31 31 15 54 53 31 15 53 54 31 54 31 31 54 15 15 31 55 53 50 15 31 54 53 55 50 54 31 31 
31 31 15 50 15 31 55 31 31 31 31 54 31 54 15 15 15 56 55 55 15 15 56 31 31 32 54 54 50 31 
31 31 15 31 31 31 31 55 54 31 54 54 31 54 31 31 15 50 50 31 50 31 53 15 15 31 31 52 53 31 
52 52 50 53 32 31 31 50 31 31 31 53 54 32 31 53 31 55 50 52 53 31 15 50 50 31 53 54 52 31 
31 31 31 54 31 31 31 31 32 15 15 15 31 31 31 31 31 53 50 54 31 15 50 50 32 31 54 53 53 31 
